       t         |O|         |T|      |e_xi|  |qddot_ref|           V         c0         c1         c2    runtime
-----------------------------------------------------------------------------------------------------------------
   0.000   9.890e-02   2.940e-02   0.000e+00    1.403e+00   8.516e-02   4.47e-16   0.00e+00   0.00e+00   1.78e-03
   0.100   9.736e-02   2.757e-02   6.258e-02    6.637e-01   8.387e-02   4.56e-16   8.94e-18   7.27e-19   1.61e-03
   0.200   9.402e-02   2.374e-02   8.762e-02    2.159e-01   7.906e-02   4.46e-16   1.30e-18   6.13e-19   1.62e-03
   0.300   8.995e-02   1.944e-02   9.487e-02    4.053e-02   7.226e-02   2.22e-16   8.42e-18   8.67e-19   1.64e-03
   0.400   8.568e-02   1.540e-02   9.414e-02    8.762e-02   6.506e-02   2.49e-16   3.47e-18   4.85e-19   1.62e-03
   0.500   8.143e-02   1.191e-02   9.019e-02    1.024e-01   5.824e-02   2.49e-16   1.08e-17   8.47e-19   1.62e-03
   0.600   7.729e-02   9.047e-03   8.526e-02    9.213e-02   5.208e-02   2.45e-16   5.20e-18   1.09e-18   1.61e-03
   0.700   7.333e-02   6.780e-03   8.028e-02    7.496e-02   4.661e-02   2.22e-16   9.08e-18   2.60e-18   1.61e-03
   0.800   6.955e-02   5.025e-03   7.559e-02    6.095e-02   4.175e-02   2.22e-16   1.14e-17   1.19e-18   1.60e-03
   0.900   6.595e-02   3.692e-03   7.129e-02    5.431e-02   3.744e-02   1.67e-16   6.67e-18   9.40e-19   1.60e-03
   1.000   6.253e-02   2.692e-03   6.733e-02    5.400e-02   3.361e-02   3.33e-16   8.61e-18   1.93e-18   1.61e-03
   1.100   6.006e-02   4.787e-03   6.676e-02    8.823e-01   3.127e-02   1.11e-16   5.81e-18   1.89e-18   1.60e-03
   1.200   5.871e-02   1.071e-02   8.570e-02    1.357e+00   3.216e-02   4.60e-16   1.44e-17   4.13e-18   1.60e-03
   1.300   5.797e-02   1.788e-02   9.344e-02    1.574e+00   3.381e-02   5.67e-16   1.07e-17   5.70e-18   1.61e-03
   1.400   5.761e-02   2.500e-02   9.444e-02    1.638e+00   3.602e-02   6.84e-16   9.08e-18   8.24e-18   1.61e-03
   1.500   5.752e-02   3.151e-02   9.285e-02    1.617e+00   3.872e-02   6.83e-16   5.00e-17   7.95e-18   1.60e-03
   1.600   5.763e-02   3.720e-02   9.073e-02    1.557e+00   4.176e-02   1.59e-16   2.27e-17   1.30e-17   1.59e-03
   1.700   5.792e-02   4.203e-02   8.874e-02    1.483e+00   4.491e-02   4.59e-16   3.80e-17   9.55e-18   1.62e-03
   1.800   5.839e-02   4.606e-02   8.680e-02    1.409e+00   4.802e-02   2.45e-16   1.13e-16   1.90e-17   1.63e-03
   1.900   5.902e-02   4.935e-02   8.461e-02    1.342e+00   5.093e-02   3.33e-16   2.78e-17   1.53e-17   1.61e-03
   2.000   5.980e-02   5.197e-02   8.181e-02    1.283e+00   5.356e-02   6.96e-16   3.72e-17   5.85e-18   1.62e-03
   2.100   6.070e-02   5.398e-02   7.813e-02    1.232e+00   5.584e-02   2.42e-16   2.13e-17   1.78e-17   1.62e-03
   2.200   6.169e-02   5.544e-02   7.343e-02    1.189e+00   5.773e-02   2.52e-16   1.87e-17   2.69e-17   1.63e-03
   2.300   6.273e-02   5.637e-02   6.768e-02    1.153e+00   5.920e-02   3.66e-16   9.73e-17   2.09e-17   1.64e-03
   2.400   6.378e-02   5.684e-02   6.100e-02    1.122e+00   6.024e-02   4.49e-16   4.50e-17   5.90e-18   1.63e-03
   2.500   6.477e-02   5.686e-02   5.363e-02    1.097e+00   6.086e-02   2.50e-16   6.44e-17   9.96e-17   1.62e-03
   2.600   6.566e-02   5.648e-02   4.598e-02    1.078e+00   6.107e-02   1.19e-16   4.88e-17   6.14e-17   1.63e-03
   2.700   6.642e-02   5.575e-02   3.865e-02    1.068e+00   6.090e-02   2.33e-16   4.79e-17   3.95e-17   1.62e-03
   2.800   6.703e-02   5.471e-02   3.247e-02    1.067e+00   6.041e-02   3.51e-16   7.61e-17   3.08e-17   1.62e-03
   2.900   6.746e-02   5.343e-02   2.846e-02    1.077e+00   5.965e-02   9.10e-16   2.08e-17   2.15e-17   1.62e-03
   3.000   6.773e-02   5.197e-02   2.729e-02    1.098e+00   5.868e-02   8.33e-17   4.18e-17   3.78e-17   1.62e-03
   3.100   6.786e-02   5.038e-02   2.860e-02    1.130e+00   5.756e-02   3.56e-16   8.89e-17   9.29e-17   1.62e-03
   3.200   6.788e-02   4.875e-02   3.117e-02    1.170e+00   5.636e-02   4.58e-16   6.74e-17   5.09e-17   1.63e-03
   3.300   6.784e-02   4.713e-02   3.376e-02    1.216e+00   5.515e-02   6.67e-16   8.67e-17   9.95e-17   1.63e-03
   3.400   6.777e-02   4.558e-02   3.557e-02    1.265e+00   5.400e-02   7.11e-16   8.12e-17   2.45e-17   1.63e-03
   3.500   6.774e-02   4.415e-02   3.615e-02    1.315e+00   5.296e-02   2.78e-16   1.09e-16   1.60e-17   1.62e-03
   3.600   6.776e-02   4.290e-02   3.539e-02    1.363e+00   5.209e-02   2.37e-16   1.62e-16   2.68e-16   1.62e-03
   3.700   6.788e-02   4.186e-02   3.342e-02    1.405e+00   5.144e-02   3.33e-16   5.00e-17   6.60e-17   1.63e-03
   3.800   6.811e-02   4.104e-02   3.073e-02    1.439e+00   5.106e-02   5.58e-16   1.39e-16   1.25e-16   1.63e-03
   3.900   6.844e-02   4.048e-02   2.822e-02    1.465e+00   5.099e-02   3.72e-16   9.02e-17   1.51e-16   1.64e-03
   4.000   6.889e-02   4.018e-02   2.730e-02    1.482e+00   5.125e-02   2.78e-16   2.37e-16   2.91e-16   1.63e-03
   4.100   6.942e-02   4.013e-02   2.931e-02    1.490e+00   5.187e-02   6.94e-18   4.18e-17   1.94e-16   1.62e-03
   4.200   7.004e-02   4.032e-02   3.452e-02    1.493e+00   5.284e-02   2.29e-16   3.04e-16   3.65e-16   1.64e-03
   4.300   7.071e-02   4.075e-02   4.217e-02    1.493e+00   5.417e-02   2.48e-16   2.05e-16   8.02e-17   1.63e-03
   4.400   7.143e-02   4.138e-02   5.128e-02    1.493e+00   5.583e-02   3.34e-16   2.23e-16   2.94e-16   1.62e-03
   4.500   7.219e-02   4.218e-02   6.111e-02    1.499e+00   5.779e-02   4.52e-16   6.83e-17   1.64e-16   1.63e-03
   4.600   7.298e-02   4.313e-02   7.112e-02    1.511e+00   6.002e-02   4.59e-16   1.35e-16   2.09e-16   1.62e-03
   4.700   7.380e-02   4.419e-02   8.094e-02    1.534e+00   6.247e-02   5.59e-17   9.39e-17   2.10e-16   1.61e-03
   4.800   7.463e-02   4.532e-02   9.029e-02    1.571e+00   6.507e-02   3.61e-16   2.39e-16   3.53e-16   1.61e-03
   4.900   7.549e-02   4.651e-02   9.892e-02    1.625e+00   6.779e-02   4.61e-16   1.52e-16   1.76e-17   1.61e-03
   5.000   7.635e-02   4.772e-02   1.066e-01    1.704e+00   7.054e-02   4.00e-16   4.45e-16   4.52e-16   1.61e-03
   5.100   7.723e-02   4.891e-02   1.132e-01    1.817e+00   7.326e-02   2.24e-16   2.48e-17   3.01e-16   1.61e-03
   5.200   7.810e-02   5.006e-02   1.185e-01    1.979e+00   7.587e-02   5.66e-16   3.54e-17   3.81e-16   1.60e-03
   5.300   7.896e-02   5.113e-02   1.225e-01    2.208e+00   7.829e-02   2.29e-16   2.34e-16   2.04e-16   1.61e-03
   5.400   7.980e-02   5.209e-02   1.249e-01    2.516e+00   8.046e-02   1.39e-16   1.11e-16   2.85e-16   1.62e-03
   5.500   8.061e-02   5.291e-02   1.259e-01    2.888e+00   8.230e-02   2.48e-16   6.15e-17   2.82e-16   1.61e-03
   5.600   8.137e-02   5.354e-02   1.255e-01    3.224e+00   8.378e-02   6.76e-16   3.00e-16   4.66e-17   1.62e-03
   5.700   8.208e-02   5.398e-02   1.237e-01    3.348e+00   8.486e-02   4.45e-16   1.54e-16   3.62e-16   1.60e-03
   5.800   8.271e-02   5.422e-02   1.208e-01    3.150e+00   8.555e-02   4.85e-16   7.05e-17   1.46e-16   1.61e-03
   5.900   8.327e-02   5.425e-02   1.169e-01    2.736e+00   8.585e-02   3.35e-16   3.16e-16   5.94e-17   1.60e-03
   6.000   8.375e-02   5.409e-02   1.121e-01    2.219e+00   8.579e-02   2.48e-16   2.29e-16   2.32e-16   1.63e-03
   6.100   8.414e-02   5.374e-02   1.064e-01    1.901e+00   8.540e-02   2.22e-16   1.30e-16   3.45e-16   1.62e-03
   6.200   8.443e-02   5.320e-02   1.002e-01    1.680e+00   8.468e-02   4.78e-16   5.47e-17   8.81e-17   1.63e-03
   6.300   8.460e-02   5.247e-02   9.360e-02    1.533e+00   8.366e-02   2.01e-16   1.38e-16   5.56e-17   1.62e-03
   6.400   8.464e-02   5.153e-02   8.700e-02    1.435e+00   8.234e-02   6.66e-16   3.89e-17   1.19e-16   1.61e-03
   6.500   8.452e-02   5.040e-02   8.069e-02    1.367e+00   8.072e-02   1.16e-16   4.39e-17   5.35e-17   1.60e-03
   6.600   8.423e-02   4.909e-02   7.494e-02    1.318e+00   7.884e-02   4.45e-16   1.94e-16   1.30e-17   1.61e-03
   6.700   8.377e-02   4.762e-02   6.992e-02    1.281e+00   7.673e-02   1.39e-16   8.52e-17   2.46e-17   1.60e-03
   6.800   8.315e-02   4.604e-02   6.569e-02    1.251e+00   7.443e-02   1.12e-16   4.20e-17   2.36e-17   1.61e-03
   6.900   8.237e-02   4.439e-02   6.216e-02    1.226e+00   7.198e-02   6.76e-16   1.48e-16   1.83e-17   1.61e-03
   7.000   8.146e-02   4.274e-02   5.918e-02    1.204e+00   6.945e-02   2.48e-16   5.80e-17   1.98e-17   1.61e-03
   7.100   8.045e-02   4.113e-02   5.654e-02    1.185e+00   6.691e-02   1.60e-16   7.36e-17   3.27e-17   1.62e-03
   7.200   7.937e-02   3.964e-02   5.414e-02    1.166e+00   6.443e-02   2.84e-16   6.45e-17   2.07e-17   1.61e-03
   7.300   7.825e-02   3.830e-02   5.195e-02    1.149e+00   6.207e-02   3.39e-16   4.27e-17   3.06e-17   1.61e-03
   7.400   7.714e-02   3.715e-02   5.012e-02    1.133e+00   5.991e-02   5.67e-16   3.35e-17   4.94e-18   1.61e-03
   7.500   7.607e-02   3.624e-02   4.892e-02    1.119e+00   5.800e-02   2.88e-17   4.99e-17   5.07e-17   1.63e-03
   7.600   7.509e-02   3.558e-02   4.869e-02    1.108e+00   5.642e-02   2.78e-17   8.37e-17   4.92e-17   1.61e-03
   7.700   7.422e-02   3.518e-02   4.967e-02    1.101e+00   5.520e-02   2.49e-16   2.05e-17   1.51e-17   1.61e-03
   7.800   7.350e-02   3.504e-02   5.190e-02    1.098e+00   5.439e-02   3.43e-16   4.18e-17   1.32e-17   1.61e-03
   7.900   7.297e-02   3.514e-02   5.517e-02    1.101e+00   5.400e-02   1.78e-16   8.33e-18   8.61e-18   1.61e-03
   8.000   7.266e-02   3.548e-02   5.906e-02    1.108e+00   5.405e-02   2.37e-16   1.60e-17   1.37e-18   1.60e-03
   8.100   7.259e-02   3.604e-02   6.311e-02    1.122e+00   5.453e-02   4.59e-16   2.00e-17   4.11e-18   1.61e-03
   8.200   7.277e-02   3.678e-02   6.683e-02    1.139e+00   5.542e-02   2.37e-16   1.41e-17   2.60e-18   1.60e-03
   8.300   7.320e-02   3.768e-02   6.984e-02    1.161e+00   5.666e-02   2.37e-16   7.41e-18   1.31e-18   1.60e-03
   8.400   7.387e-02   3.871e-02   7.183e-02    1.185e+00   5.822e-02   1.00e-15   1.04e-17   1.33e-18   1.60e-03
   8.500   7.475e-02   3.982e-02   7.261e-02    1.212e+00   6.002e-02   6.75e-16   1.81e-17   1.32e-18   1.62e-03
   8.600   7.578e-02   4.098e-02   7.211e-02    1.239e+00   6.198e-02   2.00e-16   3.82e-17   4.86e-18   1.62e-03
   8.700   7.692e-02   4.216e-02   7.033e-02    1.266e+00   6.403e-02   8.88e-16   6.44e-17   8.34e-18   1.62e-03
   8.800   7.810e-02   4.331e-02   6.741e-02    1.293e+00   6.608e-02   2.24e-16   4.25e-17   2.37e-17   1.62e-03
   8.900   7.926e-02   4.440e-02   6.357e-02    1.319e+00   6.805e-02   2.22e-16   6.63e-17   1.53e-17   1.62e-03
   9.000   8.034e-02   4.539e-02   5.913e-02    1.344e+00   6.987e-02   6.75e-16   3.65e-17   1.02e-17   1.62e-03
   9.100   8.128e-02   4.627e-02   5.448e-02    1.368e+00   7.146e-02   4.01e-16   7.44e-17   1.19e-17   1.62e-03
   9.200   8.204e-02   4.699e-02   5.006e-02    1.389e+00   7.277e-02   1.39e-16   7.42e-17   3.45e-17   1.63e-03
   9.300   8.260e-02   4.753e-02   4.632e-02    1.409e+00   7.373e-02   1.11e-16   1.48e-17   2.80e-17   1.62e-03
   9.400   8.293e-02   4.788e-02   4.365e-02    1.427e+00   7.432e-02   2.78e-16   1.31e-16   1.58e-17   1.62e-03
   9.500   8.305e-02   4.803e-02   4.227e-02    1.443e+00   7.452e-02   1.25e-16   6.10e-17   3.47e-17   1.61e-03
   9.600   8.295e-02   4.795e-02   4.215e-02    1.459e+00   7.433e-02   8.35e-17   8.22e-17   4.80e-17   1.62e-03
   9.700   8.265e-02   4.767e-02   4.306e-02    1.474e+00   7.375e-02   1.39e-16   4.55e-17   6.53e-17   1.62e-03
   9.800   8.219e-02   4.717e-02   4.466e-02    1.492e+00   7.285e-02   8.37e-17   2.82e-17   8.41e-17   1.62e-03
   9.900   8.160e-02   4.649e-02   4.665e-02    1.515e+00   7.165e-02   2.29e-16   7.47e-17   5.46e-17   1.62e-03
